"","State","Obesity_2010","Crude Prevalence...3","Obesity_2020","Crude Prevalence...5","Income_2010","Income_2020"
"1",NA,NA,NA,NA,NA,NA,NA
"2","Alabama",45743,15.8,29284,15.6,53420,61650
"3","Alaska",10108,21.2,3390,19.9,75490,84260
"4","Arizona",72933,15,40182,13.1,61200,75620
"5","Arkansas",31245,14.8,11735,13.9,50350,57240
"6","California",583008,18.4,202526,17,70840,87530
"7","Colorado",39612,9.6,21702,8.6,78600,94440
"8","Connecticut",22988,17.1,13271,14.4,86120,89540
"9","Delaware",7650,18.4,4610,18.5,72050,78930
"10","District of Columbia",5182,14.4,3480,12.8,74290,99440
"11","Florida",194924,14.6,125469,13.4,57500,65110
"12","Georgia",104959,14.4,42661,12.9,57570,66810
"13","Hawaii",14504,9.7,8441,10.7,77700,91110
"14","Idaho",18704,11.9,8859,11.5,61400,75220
"15","Illinois",108762,15.7,41503,15.1,66200,83790
"16","Indiana",63220,15.1,35126,12.8,60210,75310
"17","Iowa",29481,15.6,14447,15.8,63960,77570
"18","Kansas",30458,13.7,15555,12.2,60100,82380
"19","Kentucky",45761,18.2,17697,15.3,53640,63980
"20","Louisiana",48145,13.8,21090,13.7,51280,57700
"21","Maine",10410,15.2,4665,14.1,62550,71800
"22","Maryland",51280,17.1,35210,17,83780,106900
"23","Massachusetts",49178,17.1,28562,17.1,79520,98980
"24","Michigan",85293,14.4,61119,13.8,60390,72590
"25","Minnesota",57529,12.7,27074,11.6,68280,88770
"26","Mississippi",36519,14.9,19685,14.4,49800,50880
"27","Missouri",50575,14.4,22856,12.7,59790,70090
"28","Montana",7194,13.4,3621,10.8,53870,63960
"29","Nebraska",15622,14.4,7376,14.6,68510,81440
"30","Nevada",25855,15,15790,10.3,66810,68950
"31","New Hampshire",7263,15,4402,16.1,86950,100200
"32","New Jersey",59000,18.9,42528,15.4,82170,96430
"33","New Mexico",21968,15.7,11781,12.7,58900,57380
"34","New York",186760,16.1,103959,13.6,64960,77400
"35","North Carolina",89798,13.9,57101,14.1,57200,68120
"36","North Dakota",5484,14.5,3072,15.9,66560,72270
"37","Ohio",102803,12.6,35864,12.5,59880,68060
"38","Oklahoma",37849,15.4,19665,12.9,56250,59150
"39","Oregon",43209,15.8,21315,14.7,66030,86630
"40","Pennsylvania",96762,12.8,55283,13.1,63050,79800
"41","Rhode Island",10783,16.4,4938,16.5,67370,90380
"42","South Carolina",39785,13.3,16461,13.1,54410,68020
"43","South Dakota",7884,17.3,4194,15.8,59180,79120
"44","Tennessee",57153,16,30061,14.6,50360,61970
"45","Texas",361823,16.9,180615,15.9,61680,77110
"46","Utah",26045,12.5,11707,8.3,73990,94680
"47","Vermont",6964,13.8,3904,14.6,72980,75810
"48","Virginia",48920,21.5,28038,15.7,78780,92670
"49","Washington",78336,14.9,43618,14.8,73290,91710
"50","West Virginia",17669,14.4,7598,16.5,55820,58580
"51","Wisconsin",48511,15.2,26177,15.2,65710,75980
"52","Wyoming",4413,11.8,2007,11.6,68120,73780
"53","American Samoa",3221,14.6,1421,17,NA,NA
"54","Guam",3248,11.4,2234,8.7,NA,NA
"55","Commonwealth of the Northern Mariana Islands",2157,14.1,1095,9.3,NA,NA
"56","Puerto Rico",70699,20.3,40056,12.1,NA,NA
"57","US Virgin Islands",2093,12.4,667,12,NA,NA
